27097.914062 27539.107422 246.940002
27539.107422 29350.322266 261.630005
29443.205078 30163.046875 261.630005
30163.046875 30720.343750 220.000000
30720.343750 31765.275391 246.940002
31765.275391 33437.109375 261.630005
33437.109375 33878.265625 220.000000
33878.265625 35689.328125 261.630005
35875.078125 36803.828125 293.660004
36803.828125 37314.640625 329.630005
37337.859375 38730.984375 220.000000
38730.984375 39311.453125 196.000000
39868.703125 40309.859375 246.940002
40309.859375 41726.203125 293.660004
42353.109375 42678.171875 293.660004
42701.390625 43072.890625 293.660004
43096.109375 43421.171875 220.000000
43514.046875 44257.046875 164.809998
44326.703125 45998.453125 261.630005
46068.109375 46509.265625 220.000000
46555.703125 47089.734375 261.630005
47089.734375 47530.890625 246.940002
47972.046875 48529.296875 246.940002
48529.296875 49458.046875 246.940002
49713.453125 50061.734375 261.630005
50224.265625 51756.703125 246.940002
52592.578125 52847.984375 220.000000
52917.640625 54659.046875 261.630005
55076.984375 55611.015625 261.630005
55611.015625 56191.484375 220.000000
56307.578125 57097.015625 246.940002
57120.234375 58072.203125 329.630005
58072.203125 58327.609375 261.630005
59047.390625 59488.546875 261.630005
59488.546875 61392.484375 261.630005
61392.484375 62251.578125 293.660004
62274.796875 62715.953125 293.660004
62808.828125 64201.953125 220.000000
64201.953125 64735.984375 196.000000
65827.265625 66802.453125 146.000000
66825.671875 67522.234375 293.660004
67870.515625 68706.390625 293.660004
68729.609375 69054.671875 220.000000
69077.890625 69611.921875 329.630005
69611.921875 69936.984375 329.630005
69960.203125 70378.140625 293.660004
70401.359375 70749.640625 261.630005
70772.859375 71492.640625 440.000000
71492.640625 71933.796875 415.299988
72653.578125 73117.953125 293.660004
73117.953125 73930.609375 293.660004
73953.828125 74929.015625 220.000000
74929.015625 75463.046875 196.000000
75463.046875 76693.640625 220.000000
77529.515625 77970.671875 220.000000
81081.984375 81499.921875 220.000000
81662.453125 82103.609375 220.000000
82173.265625 83519.953125 261.630005
84007.546875 84680.890625 246.940002
84680.890625 85122.046875 261.630005
85122.046875 85539.984375 220.000000
86166.890625 86468.734375 146.000000
87885.078125 88326.234375 329.630005
88604.859375 88860.265625 164.809998
88929.921875 89510.390625 164.809998
90694.546875 90973.171875 246.940002
91483.984375 92459.171875 329.630005
92459.171875 92691.359375 329.630005
94107.703125 94664.953125 220.000000
95013.234375 96267.046875 220.000000
96870.734375 97102.921875 220.000000
97474.421875 97915.578125 293.660004
97915.578125 98379.953125 293.660004
98379.953125 98681.796875 329.630005
98705.015625 99239.046875 293.660004
99239.046875 99773.078125 261.630005
100283.890625 100725.046875 415.299988
100841.140625 101166.203125 293.660004
102930.828125 103302.328125 196.000000
103325.546875 103766.703125 246.940002
104138.203125 104463.265625 293.660004
104695.453125 105159.828125 329.630005
105159.828125 105531.328125 329.630005
106576.171875 106994.109375 246.940002
107110.203125 107667.453125 220.000000
107829.984375 108805.171875 261.630005
108805.171875 109060.578125 293.660004
109524.953125 110012.546875 220.000000
110012.546875 110453.703125 261.630005
110453.703125 110685.890625 293.660004
110755.546875 111196.703125 220.000000
111939.703125 112682.703125 146.000000
112752.359375 113216.734375 415.299988
113216.734375 113773.984375 329.630005
113913.296875 114470.546875 196.000000
114493.765625 115027.796875 164.809998
115979.765625 116420.921875 220.000000
116420.921875 116769.203125 220.000000
117465.765625 118023.015625 164.809998
118417.734375 118719.578125 293.660004
119253.609375 119532.234375 293.660004
119926.953125 120368.109375 220.000000
120368.109375 120902.140625 220.000000
120902.140625 121529.046875 220.000000
121529.046875 121784.453125 196.000000
122318.484375 122759.640625 220.000000
122759.640625 123200.796875 246.940002
123200.796875 123641.953125 293.660004
123641.953125 124083.109375 246.940002
124083.109375 124756.453125 220.000000
125499.453125 126613.953125 196.000000
126706.828125 128169.609375 220.000000
128332.140625 128819.734375 220.000000
128819.734375 130491.484375 220.000000
130491.484375 130816.546875 196.000000
154964.046875 155242.671875 220.000000
155335.546875 155637.390625 261.630005
155707.046875 157123.390625 261.630005
157494.890625 158028.921875 261.630005
158028.921875 158586.171875 246.940002
158679.046875 159654.234375 246.940002
159654.234375 160443.671875 261.630005
161488.515625 161720.703125 220.000000
161743.921875 161999.328125 261.630005
162092.203125 163717.515625 261.630005
163880.046875 164646.265625 293.660004
164692.703125 165180.296875 329.630005
165203.515625 166480.546875 220.000000
168129.078125 169522.203125 293.660004
170311.640625 171008.203125 293.660004
171008.203125 171379.703125 220.000000
171472.578125 172308.453125 329.630005
172331.671875 172749.609375 293.660004
172772.828125 173121.109375 261.630005
173144.328125 173887.328125 440.000000
173887.328125 174305.265625 415.299988
175094.703125 175814.484375 293.660004
175814.484375 176325.296875 293.660004
176348.515625 177393.359375 220.000000
177486.234375 179459.828125 220.000000
180435.015625 180690.421875 220.000000
181038.703125 181758.484375 329.630005
181967.453125 182269.296875 164.809998
183244.484375 183685.640625 261.630005
183685.640625 184428.640625 220.000000
184707.265625 185891.421875 261.630005
186355.796875 186796.953125 220.000000
186796.953125 187238.109375 246.940002
187493.515625 187981.109375 220.000000
188143.640625 188886.640625 146.000000
189768.953125 190186.890625 196.000000
190326.203125 190976.328125 329.630005
191347.828125 191905.078125 164.809998
192624.859375 192903.484375 440.000000
193112.453125 193391.078125 246.940002
194203.734375 194830.640625 164.809998
196502.390625 197036.421875 220.000000
197059.640625 197315.046875 440.000000
197431.140625 198568.859375 220.000000
200101.296875 200704.984375 329.630005
201146.140625 201796.265625 293.660004
201796.265625 202399.953125 261.630005
202492.828125 203119.734375 415.299988
205371.953125 205720.234375 196.000000
205952.421875 206347.140625 220.000000
206440.015625 206881.171875 329.630005
207020.484375 207926.015625 329.630005
207926.015625 208227.859375 329.630005
209017.296875 209829.953125 220.000000
209829.953125 210131.796875 293.660004
210155.015625 211478.484375 261.630005
211873.203125 212314.359375 220.000000
212314.359375 212709.078125 261.630005
213127.015625 213568.171875 220.000000
215054.171875 215495.328125 392.000000
215518.546875 216099.015625 164.809998
217143.859375 217585.015625 146.000000
218351.234375 218815.609375 220.000000
218815.609375 219210.328125 220.000000
220022.984375 220510.578125 164.809998
220812.421875 221183.921875 293.660004
221601.859375 221926.921875 293.660004
222646.703125 223923.734375 220.000000
223923.734375 224225.578125 196.000000
224759.609375 225200.765625 220.000000
225200.765625 225641.921875 246.940002
225641.921875 226152.734375 293.660004
226152.734375 226918.953125 220.000000
226918.953125 227151.140625 196.000000
227940.578125 228544.265625 110.000000
230262.453125 230959.015625 196.000000
231167.984375 234488.265625 220.000000
234488.265625 234929.421875 392.000000
234929.421875 236043.921875 440.000000
236043.921875 237646.015625 440.000000
237646.015625 238087.171875 523.250000
238458.671875 238899.828125 523.250000
238899.828125 239340.984375 493.880005
239340.984375 239782.140625 440.000000
239782.140625 240246.515625 392.000000
240246.515625 240896.640625 329.630005
240896.640625 241639.640625 329.630005
241639.640625 242011.140625 415.299988
249580.453125 250044.828125 554.369995
250044.828125 250532.421875 466.160004
250532.421875 251136.109375 440.000000
251159.328125 251786.234375 440.000000
251786.234375 252134.515625 440.000000
252250.609375 252691.765625 349.230011
252691.765625 253132.921875 369.989990
253318.671875 256313.890625 440.000000
