25983.320312 26354.851562 146.000000
26424.513672 26749.603516 220.000000
26749.603516 27097.914062 196.000000
27097.914062 27306.900391 196.000000
27423.003906 27748.093750 246.940002
27817.755859 28049.962891 246.940002
28793.025391 29164.556641 146.000000
29280.660156 29791.515625 220.000000
29791.515625 30209.488281 196.000000
30209.488281 30534.578125 220.000000
30906.109375 31254.419922 196.000000
31254.419922 31834.937500 220.000000
31834.937500 32183.248047 246.940002
32183.248047 32554.779297 246.940002
32554.779297 32694.103516 293.660004
32717.324219 33019.171875 220.000000
33042.390625 33367.453125 164.809998
33762.171875 34156.890625 196.000000
34156.890625 34389.078125 196.000000
34505.171875 34830.234375 196.000000
34830.234375 35410.703125 196.000000
36734.171875 37198.546875 164.809998
37198.546875 37825.453125 130.000000
38336.265625 39334.671875 146.000000
39334.671875 39659.734375 220.000000
39659.734375 40054.453125 246.940002
40054.453125 40379.515625 220.000000
40379.515625 40704.578125 220.000000
40797.453125 41470.796875 164.809998
41494.015625 41772.640625 146.000000
42167.359375 42538.859375 164.809998
42538.859375 43699.796875 196.000000
43699.796875 44651.765625 146.000000
45046.484375 45696.609375 164.809998
45905.578125 47345.140625 164.809998
47345.140625 47577.328125 130.000000
48506.078125 48900.796875 146.000000
49016.890625 49341.953125 220.000000
49341.953125 49783.109375 196.000000
50038.515625 50363.578125 220.000000
50363.578125 50804.734375 196.000000
50804.734375 50920.828125 164.809998
51338.765625 51687.046875 146.000000
51849.578125 52174.640625 196.000000
52174.640625 52731.890625 196.000000
52755.109375 53242.703125 220.000000
53428.453125 53799.953125 164.809998
53799.953125 54310.765625 220.000000
54310.765625 54566.171875 220.000000
54705.484375 55193.078125 246.940002
55193.078125 55611.015625 220.000000
55634.234375 55982.515625 146.000000
56354.015625 56725.515625 220.000000
56725.515625 57282.765625 196.000000
57282.765625 57700.703125 196.000000
57700.703125 58188.296875 196.000000
58188.296875 58559.796875 164.809998
59511.765625 59836.828125 164.809998
59929.703125 60370.859375 110.000000
60904.890625 61253.171875 146.000000
61276.390625 61926.515625 146.000000
61996.171875 62576.640625 246.940002
62576.640625 62901.703125 220.000000
62901.703125 63249.984375 220.000000
63249.984375 63900.109375 164.809998
63900.109375 64039.421875 164.809998
64109.078125 64457.359375 146.000000
64805.640625 65130.703125 164.809998
65153.921875 66082.671875 196.000000
66105.890625 66547.046875 196.000000
66547.046875 66848.890625 164.809998
66941.765625 67638.328125 146.000000
69728.015625 70656.765625 146.000000
70656.765625 71237.234375 146.000000
71353.328125 71678.390625 146.000000
71678.390625 72119.546875 146.000000
72119.546875 72583.921875 146.000000
72583.921875 72792.890625 130.000000
74627.171875 74859.359375 293.660004
76089.953125 76415.015625 164.809998
76461.453125 76740.078125 164.809998
76763.296875 77181.234375 164.809998
77692.046875 78133.203125 146.000000
78179.640625 78829.765625 146.000000
78876.203125 79154.828125 164.809998
79201.265625 79549.546875 146.000000
79595.984375 79990.703125 164.809998
80013.921875 80501.515625 220.000000
80501.515625 80826.578125 246.940002
80826.578125 81314.171875 220.000000
81314.171875 81592.796875 196.000000
82057.171875 82405.453125 164.809998
82405.453125 82776.953125 261.630005
82776.953125 83078.796875 293.660004
83125.234375 83659.265625 261.630005
83659.265625 84077.203125 246.940002
84077.203125 84448.703125 220.000000
84495.140625 84820.203125 220.000000
84820.203125 85191.703125 164.809998
85261.359375 85609.640625 196.000000
85609.640625 86074.015625 220.000000
86074.015625 86282.984375 261.630005
86375.859375 87072.421875 220.000000
87722.546875 88024.390625 220.000000
88070.828125 89069.234375 246.940002
89092.453125 89812.234375 246.940002
89812.234375 90137.296875 220.000000
90183.734375 90508.796875 196.000000
90555.234375 91623.296875 146.000000
91623.296875 92180.546875 164.809998
92180.546875 92435.953125 164.809998
93086.078125 93318.265625 110.000000
93341.484375 93620.109375 110.000000
93736.203125 94061.265625 196.000000
94177.359375 94525.640625 164.809998
94781.046875 95106.109375 164.809998
95106.109375 95431.171875 164.809998
95431.171875 96058.078125 146.000000
96058.078125 96383.140625 164.809998
96383.140625 96986.828125 130.000000
96986.828125 97404.765625 164.809998
97404.765625 97938.796875 164.809998
98681.796875 99726.640625 164.809998
99889.171875 100167.796875 130.000000
100423.203125 100725.046875 146.000000
100841.140625 101421.609375 146.000000
101537.703125 102048.515625 164.809998
102048.515625 102164.609375 130.000000
102187.828125 102536.109375 164.809998
102536.109375 102861.171875 220.000000
103046.921875 103418.421875 246.940002
103441.640625 104091.765625 220.000000
104579.359375 104950.859375 164.809998
104950.859375 105600.984375 293.660004
105670.640625 106367.203125 261.630005
106367.203125 106692.265625 246.940002
106715.484375 107086.984375 220.000000
107086.984375 107412.046875 220.000000
107412.046875 107806.765625 196.000000
107829.984375 108155.046875 164.809998
108247.921875 108456.890625 220.000000
108596.203125 109083.796875 246.940002
109153.453125 109594.609375 220.000000
109594.609375 109733.921875 293.660004
110267.953125 110801.984375 220.000000
110801.984375 111312.796875 246.940002
111312.796875 111637.859375 246.940002
111637.859375 112009.359375 246.940002
112009.359375 112334.421875 246.940002
112450.515625 113054.203125 220.000000
113054.203125 113402.484375 164.809998
113402.484375 114238.359375 146.000000
114238.359375 114772.390625 164.809998
114772.390625 115074.234375 196.000000
115654.703125 115910.109375 110.000000
115956.546875 116281.609375 110.000000
116328.046875 116676.328125 164.809998
116745.984375 117071.046875 164.809998
117419.328125 117674.734375 164.809998
117697.953125 118046.234375 164.809998
118046.234375 118487.390625 164.809998
118487.390625 118766.015625 196.000000
118882.109375 119253.609375 196.000000
119253.609375 119671.546875 220.000000
119694.765625 120298.453125 164.809998
120298.453125 120716.390625 164.809998
120925.359375 121505.828125 164.809998
121645.140625 121900.546875 196.000000
122295.265625 122759.640625 146.000000
122759.640625 123525.859375 146.000000
123711.609375 124059.890625 146.000000
144236.984375 144445.953125 220.000000
144585.265625 145096.078125 164.809998
145142.515625 145467.578125 246.940002
145467.578125 145839.078125 220.000000
145955.171875 146721.390625 261.630005
147348.296875 147743.015625 164.809998
147743.015625 148277.046875 246.940002
148277.046875 148764.640625 220.000000
148764.640625 149229.015625 261.630005
149530.859375 149855.921875 220.000000
149855.921875 150413.171875 261.630005
150413.171875 150738.234375 293.660004
150738.234375 151179.390625 261.630005
151225.828125 151550.890625 246.940002
151643.765625 151968.828125 164.809998
152340.328125 152665.390625 246.940002
152665.390625 153060.109375 220.000000
153060.109375 153454.828125 220.000000
153454.828125 153756.671875 220.000000
155126.578125 155474.859375 196.000000
155474.859375 155892.796875 220.000000
155916.015625 156450.046875 146.000000
156867.984375 157216.265625 164.809998
157216.265625 157936.046875 164.809998
157936.046875 158284.328125 261.630005
158284.328125 158609.390625 293.660004
158609.390625 158934.453125 246.940002
158934.453125 159259.515625 261.630005
159259.515625 159375.609375 329.630005
159398.828125 159723.890625 220.000000
159723.890625 160072.171875 196.000000
160141.828125 160443.671875 164.809998
160745.515625 161163.453125 196.000000
161163.453125 162161.859375 220.000000
162161.859375 162510.140625 196.000000
162510.140625 162835.203125 164.809998
162835.203125 163206.703125 164.809998
163578.203125 163996.140625 220.000000
163996.140625 164739.140625 196.000000
164739.140625 165180.296875 196.000000
165180.296875 165598.234375 196.000000
167084.234375 167478.953125 164.809998
167618.265625 167943.328125 246.940002
167943.328125 168361.265625 220.000000
168361.265625 168477.359375 196.000000
168593.453125 169081.046875 261.630005
169081.046875 169498.984375 261.630005
169498.984375 169893.703125 261.630005
169916.921875 170265.203125 164.809998
170427.734375 170868.890625 246.940002
170868.890625 171286.828125 220.000000
171286.828125 171658.328125 246.940002
171658.328125 171774.421875 293.660004
171960.171875 172354.890625 220.000000
172354.890625 172865.703125 261.630005
172865.703125 173190.765625 293.660004
173306.859375 173724.796875 293.660004
173724.796875 174189.171875 261.630005
174212.390625 174467.796875 164.809998
174839.296875 175164.359375 246.940002
175164.359375 175744.828125 220.000000
175744.828125 176696.796875 220.000000
176696.796875 177114.734375 220.000000
177695.203125 178043.484375 196.000000
178043.484375 178368.546875 220.000000
178368.546875 178856.140625 146.000000
178856.140625 179274.078125 146.000000
179483.046875 179947.421875 164.809998
179947.421875 180342.140625 164.809998
180551.109375 181038.703125 293.660004
181038.703125 181549.515625 261.630005
181549.515625 181921.015625 261.630005
181944.234375 182338.953125 220.000000
182338.953125 182687.234375 196.000000
182687.234375 183012.296875 196.000000
183337.359375 183755.296875 196.000000
183755.296875 184080.359375 220.000000
184103.578125 184498.296875 220.000000
184498.296875 184939.453125 220.000000
184939.453125 185310.953125 196.000000
185310.953125 185798.546875 164.809998
185798.546875 186286.140625 164.809998
186286.140625 186611.203125 164.809998
186611.203125 186936.265625 164.809998
186936.265625 187191.671875 164.809998
188282.953125 189165.265625 164.809998
189165.265625 189583.203125 196.000000
189583.203125 191603.234375 164.809998
191603.234375 191928.296875 220.000000
194575.234375 194946.734375 220.000000
194969.953125 195712.953125 196.000000
195736.171875 196246.984375 164.809998
196386.296875 196711.359375 196.000000
196804.234375 197384.703125 196.000000
197500.796875 197802.640625 196.000000
197825.859375 198220.578125 164.809998
198220.578125 198545.640625 164.809998
198568.859375 198940.359375 246.940002
198940.359375 199265.421875 293.660004
199265.421875 199915.546875 261.630005
199915.546875 200054.859375 369.989990
200565.671875 201053.265625 220.000000
201122.921875 201656.953125 349.230011
201703.390625 202353.515625 329.630005
202353.515625 202725.015625 293.660004
202725.015625 203050.078125 261.630005
203119.734375 203444.796875 246.940002
203444.796875 203746.640625 220.000000
203816.296875 204141.359375 220.000000
204141.359375 204652.171875 261.630005
204652.171875 204861.140625 293.660004
204884.359375 205232.640625 261.630005
205232.640625 205789.890625 261.630005
206254.265625 206788.296875 261.630005
206788.296875 207345.546875 293.660004
207345.546875 207670.609375 293.660004
207670.609375 208018.890625 293.660004
208018.890625 208460.046875 293.660004
208460.046875 208738.671875 261.630005
208808.328125 209133.390625 261.630005
209458.453125 210224.671875 164.809998
210224.671875 210712.265625 196.000000
210712.265625 211176.640625 196.000000
211594.578125 211896.421875 130.000000
211919.640625 212314.359375 130.000000
212337.578125 213127.015625 196.000000
213266.328125 213661.046875 196.000000
213661.046875 214009.328125 196.000000
214009.328125 214334.390625 164.809998
214334.390625 214705.890625 164.809998
214775.546875 215518.546875 146.000000
215518.546875 216168.671875 196.000000
216168.671875 216493.734375 220.000000
217213.515625 218281.578125 196.000000
218328.015625 218722.734375 164.809998
218954.921875 219349.640625 164.809998
219442.515625 219976.546875 164.809998
220069.421875 220394.484375 196.000000
220394.484375 220789.203125 164.809998
220789.203125 221114.265625 196.000000
221114.265625 221416.109375 261.630005
221485.765625 221810.828125 293.660004
221810.828125 221973.359375 293.660004
221996.578125 222878.890625 261.630005
223203.953125 223529.015625 220.000000
223529.015625 223668.328125 196.000000
223691.546875 224225.578125 349.230011
224341.671875 224898.921875 329.630005
224898.921875 225270.421875 293.660004
225363.296875 226083.078125 261.630005
226083.078125 226408.140625 196.000000
226431.359375 226779.640625 220.000000
226779.640625 227081.484375 293.660004
227127.921875 227476.203125 261.630005
227476.203125 227801.265625 261.630005
227801.265625 228126.328125 261.630005
228126.328125 228451.390625 261.630005
228869.328125 229380.140625 261.630005
229380.140625 230192.796875 293.660004
230192.796875 230819.703125 293.660004
230819.703125 231005.453125 293.660004
231028.671875 231632.359375 261.630005
231632.359375 231748.453125 220.000000
231771.671875 232352.140625 164.809998
232352.140625 232746.859375 164.809998
232746.859375 233420.203125 196.000000
233420.203125 234279.296875 220.000000
234279.296875 234604.359375 196.000000
234604.359375 234929.421875 220.000000
234929.421875 235138.390625 220.000000
237762.109375 238272.921875 196.000000
238272.921875 238621.203125 196.000000
238621.203125 238946.265625 220.000000
238946.265625 239155.234375 196.000000
239248.109375 239596.390625 196.000000
239596.390625 239921.453125 220.000000
239967.890625 240223.296875 246.940002
240409.046875 240989.515625 246.940002
240989.515625 241198.484375 293.660004
241221.703125 241546.765625 196.000000
241546.765625 241871.828125 196.000000
241871.828125 242289.765625 196.000000
242289.765625 242800.578125 220.000000
245052.796875 245424.296875 196.000000
245424.296875 245749.359375 220.000000
246260.171875 246515.578125 146.000000
246794.203125 247212.140625 196.000000
247212.140625 247908.703125 164.809998
247908.703125 248907.109375 164.809998
